treatmentGroup,treatmentStage,L_ci95_min,L_ci95_max,L_ci99_min,L_ci99_max,L_sd95,L_sd99,a_ci95_min,a_ci95_max,a_ci99_min,a_ci99_max,a_sd95,a_sd99,b_ci95_min,b_ci95_max,b_ci99_min,b_ci99_max,b_sd95,b_sd99,cohens_d
Control,T1: WSL,69.5596934011667,72.84606680545,69.1409081425933,73.3085837881367,4.06503107611561,4.27222112894374,-1.18587865479833,-0.452676313095,-1.34461379512733,-0.317990278463334,0.971907650193938,1.04996671458484,-0.409744720305,1.92026160032667,-0.918247252522667,2.18125380947533,2.79996151695786,2.93640657346801,
Control,T2: RI,69.5781566901,72.8547571461,69.1247971016567,73.3384380611767,4.08149777522529,4.30350704136645,-1.245496502105,-0.456036287975,-1.35070367181933,-0.356934444104334,0.986061155790006,1.05422907129853,-0.352985633343333,1.84930415226167,-0.688570849610333,2.174181033125,2.84364081913607,3.00276586388572,
Control,Bleaching,69.5721397715833,72.87382217925,68.92703260451,73.3666428413467,4.06134895959465,4.32852587036833,-1.20036162161833,-0.454780099285,-1.306864400685,-0.33494405339,0.972880617050673,1.04142282639809,-0.367377177573333,1.89278604817667,-0.682688370631333,2.178662607642,2.80541380136629,2.9438220109065,
Control,T4: Wait-14d,69.6572420673667,72.8626489341667,69.0874519312767,73.35663666159,4.05825321555515,4.29604188743779,-1.16890614689167,-0.422115707505,-1.291347130304,-0.320099028150001,0.974852493709175,1.05276524719226,-0.40970658707,1.89619388947833,-0.667971396417333,2.205660400209,2.81229032785376,2.97666975615114,
Control,T5: Thermocyclic,69.88711017975,73.1464596218,69.2403474275,73.54032212313,4.0263983234785,4.29589079852981,-0.945608443328333,-0.1991405763,-1.05344856398733,-0.0731313126616672,0.975013477300117,1.0383675678754,-0.0987478976099999,2.15777710889,-0.463615496936333,2.46091413769167,2.78050597401173,2.9060838149938,
Control,T6: Staining-6d,64.31732298855,67.9682866068,63.7644860036967,68.38024076941,4.39529752241229,4.63137019386823,3.61815139137833,4.68880564241833,3.47036972012833,4.86377042682567,1.37956421510995,1.47006673196026,4.621833430815,6.81710253256667,4.287497603588,7.14808529288333,2.79686828113504,2.99744688678223,
Control,T7: Staining-12d,61.6845756359333,65.8560383331333,60.91001663561,66.4064004143933,5.12868216233885,5.3667198966112,5.34501583905167,7.87038317407,4.91171117663267,8.25657695551933,3.18645952097934,3.38902092533116,6.78630008265667,9.52462820753333,6.44611102541033,9.94628105481499,3.53042396331099,3.78352021982407,
Control,T8: post-Bleaching,64.5869199970167,68.5567412602,63.86757140193,69.0666344339933,4.94500069852827,5.1723645270104,-6.16188667132333,-4.73397107794333,-6.35595881760767,-4.512115148699,1.84525505235167,1.98296248923519,-5.00206012175667,-2.744103447105,-5.29433927085567,-2.47752341915567,2.92233743610989,3.10645402650884,
Control,T9:Wait-14d,65.0331096405333,69.00388642085,64.4946958768,69.4531892181533,5.00741826526976,5.369692067902,-5.76104180327,-4.19665057571667,-5.94617161413833,-3.88704067124867,1.94881327920951,2.06005697423543,-4.45439806440667,-2.29111328114167,-4.77995690269533,-1.91118455547568,2.76739614077582,2.92139972210947,
Infiltration only ,T1: WSL,74.0181007139167,81.0548288585833,72.58864970684,82.2022091013966,8.49113181246687,8.85609622083435,-5.94937322790667,-4.78217313763,-6.19086612494667,-4.68038841599267,1.51055618610758,1.59854014031963,-4.454362130415,-3.21368716481167,-4.66939712021333,-3.05168330990567,1.55416280843126,1.68241673529424,
Infiltration only ,T2: RI,71.56122520615,78.4685562598667,70.3153769648167,79.2486015233867,8.31954932568414,8.68673498962178,-3.35958049289,-2.43341087795833,-3.504685396073,-2.27305662020134,1.23899268957059,1.30793031319505,-1.80826965681833,-0.826541972398333,-1.899703802461,-0.680257869418001,1.24261309822523,1.33754860506621,
Infiltration only ,Bleaching,71.4089699276333,78.3940171182333,70.1781120455967,79.5184829709367,8.35208148465295,8.88274946609364,-3.37641880546833,-2.609771983485,-3.48920089211,-2.49327596306733,1.01353394576597,1.0876811351868,-1.80098074306833,-1.02021567611333,-1.918860385946,-0.903970176412667,1.00691637375575,1.0832683118551,
Infiltration only ,T4: Wait-14d,72.0426630832,79.0320998558333,70.99606047283,79.81749085597,8.44229916668222,8.87047140631596,-3.10458736179333,-2.38054044163167,-3.20743067872533,-2.30709793822033,0.907037217675162,0.964695352739097,-1.52252379480333,-0.846500274145,-1.644170808099,-0.75777361934,0.906572508789807,0.964926167899225,
Infiltration only ,T5: Thermocyclic,71.4105912974,78.5918679229,70.20336878696,79.3083136109333,8.37431125377093,8.85031722932378,-2.884221894225,-2.21019981411333,-3.00567181560533,-2.11869308102067,0.912986825573629,0.960546354117157,-1.22743675844333,-0.531858226918333,-1.31543197019333,-0.411675656396334,0.882512663553771,0.959372905767905,
Infiltration only ,T6: Staining-6d,58.88983888855,65.4226498908167,57.8308586030033,66.2212753548033,7.9669165529611,8.34426767892741,9.193513352325,10.65723478729,8.913291027663,10.868556344114,1.83274719770599,1.96646316740474,10.7869224867617,12.1811935629883,10.6134546827733,12.3962370429543,1.79508429854077,1.90778698151045,
Infiltration only ,T7: Staining-12d,56.6906141497,64.5991556429,55.5964015650633,65.44517222137,9.58934577919128,10.0057713115233,10.1066789640433,12.5448513810667,9.675741653512,13.062732102612,3.16301118576113,3.33223401685902,11.6095948279367,14.2341036246167,11.285115819192,14.5788208897873,3.16672679329971,3.33140301876946,
Infiltration only ,T8: post-Bleaching,63.0448307831167,70.10653086305,62.0760462495633,71.30110856255,8.94404338854376,9.53822395206307,-7.77175544524833,-6.23328740114,-8.07937453891733,-5.98528577716901,1.88845588788258,1.99839491651252,-6.21058843457,-4.66753475943167,-6.41553975994733,-4.481958003669,1.83662458246507,1.90273210761841,
Infiltration only ,T9:Wait-14d,65.0557279376,71.8176326542666,63.6734961502567,72.7391599086833,8.45390372334017,8.9529352143426,-7.52196008267833,-5.29391919020167,-7.870052851575,-4.931229807415,2.61539833553802,2.76832175683757,-5.84520016586667,-3.78592739283333,-6.123511855079,-3.39732090388767,2.61891040902434,2.75690874786573,
Infiltration + In-Office Bleaching ,T1: WSL,73.5534264613333,76.2980067819,73.10267528794,76.6665731813,3.57505745422795,3.77565172619243,-5.98421373374667,-4.66063344739833,-6.16579805750567,-4.45775984019333,1.60593487991893,1.70929919826444,-4.411831082745,-3.091475147265,-4.677674265363,-2.900261619585,1.60934821561625,1.7149130423695,
Infiltration + In-Office Bleaching ,T2: RI,69.25371733045,71.7388269054833,68.8562513398,72.05780096006,3.06937110513638,3.27087832572597,-4.16533621056667,-1.90001623842667,-4.44965113107333,-1.60828157641167,3.00037856591744,3.23356806354624,1.054588794325,1.63342514347833,0.992220993066333,1.740053794111,0.741015873735433,0.788407152331476,
Infiltration + In-Office Bleaching ,Bleaching,74.7938871847,77.637073269,74.3625868411467,78.0463383143133,3.56615843448085,3.77888540709431,-7.26690136910667,-5.89352674364,-7.489648077538,-5.68272902117734,1.73428351696404,1.8343191027711,-5.64483345380833,-4.23439782741167,-5.92317509834167,-4.04484124860767,1.77884035372754,1.91388795135392,
Infiltration + In-Office Bleaching ,T4: Wait-14d,74.4730985909667,76.4931479693833,74.20580147605,76.9074032476633,2.68455385775192,2.90164300046117,-5.34510330950333,-3.87130587171667,-5.60688234214033,-3.66568954516867,1.91443434132575,2.0404857232182,-3.708817234255,-2.232161850805,-3.967770199534,-2.01460592651633,1.96026975152419,2.0721533224151,
Infiltration + In-Office Bleaching ,T5: Thermocyclic,73.9778507363,76.0387557055333,73.7041502857867,76.2956787616867,2.71624346534262,2.87034329325999,-5.16812971620667,-3.66688451759167,-5.344954425948,-3.465634096238,1.92643363865624,2.01594220661817,-3.41225537740833,-1.97308258257167,-3.64602143518833,-1.76485944169367,1.97929903142743,2.09987562544872,
Infiltration + In-Office Bleaching ,T6: Staining-6d,57.08233137575,60.29144844085,56.6871271561933,60.82987069681,4.01523441158592,4.21173597014043,9.50950022681167,12.256187862605,8.946288305607,12.6344674773183,3.93793499218304,4.22496610524883,11.1036212653783,13.8869457740633,10.533325639583,14.266583048563,3.88492908552455,4.16221742304087,
Infiltration + In-Office Bleaching ,T7: Staining-12d,55.3412742356833,58.2271755176333,54.7139083293467,58.6240594679133,3.98303974343038,4.29365153096094,11.5156673755,13.8668164641583,11.216046090475,14.1467016784683,2.75820693565827,2.91021426620054,13.1742099835667,15.4492215612833,12.70701248482,15.7176318612067,2.73866178190777,2.84184262083275,
Infiltration + In-Office Bleaching ,T8: post-Bleaching,63.3765486045667,66.394700431,62.8649572013667,66.83776502457,3.68764975591653,3.9053543771644,-7.384894153555,-5.72539594628167,-7.61272828555033,-5.53126700055367,2.04174044727092,2.14854528554016,-5.713056480435,-4.08449275055167,-5.99417584079467,-3.88795061332667,2.03680065614945,2.11600894513104,
Infiltration + In-Office Bleaching ,T9:Wait-14d,65.0361985692333,67.8002626065667,64.6812269291367,68.1226461360767,3.29340607348903,3.42884217023108,-6.358764222865,-4.97380249325,-6.54192074805367,-4.830502937215,1.76396945184639,1.89127136766466,-4.72355970473833,-3.372516129155,-4.89626763811133,-3.16635231986467,1.7826654487405,1.91176840672285,
Infiltration + Home Bleaching ,T1: WSL,73.2207124108167,77.2681865977333,72.3840132188167,77.7023788262067,5.58542235376743,6.10315080648319,-6.04345877306,-4.18028195984,-6.435553312062,-3.88612800272934,2.55270025071158,2.65781589580504,-4.48927879014,-2.54696201907667,-4.80932664097267,-2.32910593441767,2.57335176101639,2.73010088707935,
Infiltration + Home Bleaching ,T2: RI,69.9972333333333,73.2728333333333,69.43727,73.7256133333333,4.78144167695718,5.29137805850015,-4.11834173214667,-2.949129623215,-4.27762357765667,-2.76130054516233,1.41655027760494,1.4858620037825,3.13230006276167,4.14233614608,2.98162211759633,4.32461796175666,1.30045761601726,1.37195577782877,
Infiltration + Home Bleaching ,Bleaching,75.8270459427167,79.7664987880667,75.21551071443,80.2630685386067,5.47030898450629,5.9473657937391,-8.27841779842333,-7.02111409467333,-8.475182900656,-6.83336805939467,1.62622021509277,1.75557056428148,-6.64288346245,-5.39527230636333,-6.80923267686833,-5.251620959824,1.65720740169031,1.77478857804172,
Infiltration + Home Bleaching ,T4: Wait-14d,75.8764677955,79.8052511389667,75.0320205830233,80.2420633492133,5.64264911578538,6.12243920915933,-6.483322458135,-5.49680376218833,-6.61524284921467,-5.33977708829733,1.2200730410825,1.28984003167939,-4.86276518936833,-3.89255953068333,-4.95768755212433,-3.67122704103867,1.19874676734861,1.27300026777461,
Infiltration + Home Bleaching ,T5: Thermocyclic,75.3137694641833,79.2902104302167,74.5098655241067,79.5874916827033,5.60835908924234,5.975764741625,-6.279805530285,-5.30417592873833,-6.44297757572233,-5.17080248666767,1.22868855202427,1.29830244665615,-4.547993798565,-3.62030592377333,-4.67252967191933,-3.41007135589733,1.19106330586901,1.2578364581237,
Infiltration + Home Bleaching ,T6: Staining-6d,54.9958331443167,60.7360594658667,54.2028511361733,61.7176118380533,7.11053102918047,7.51616316074628,10.4161780250567,14.3706400547617,9.777011087475,15.0057545561397,4.92741667221076,5.2469143720558,12.0566496251983,15.968705840455,11.354145355985,16.4520606251833,4.9470427114264,5.19900139454197,
Infiltration + Home Bleaching ,T7: Staining-12d,53.9368098260667,59.41835857,53.0437904572567,60.2029161265633,6.70971557597214,7.07989023350133,11.747621813665,15.3401552109317,11.1086436278697,15.8344338967873,4.44771319897156,4.68900383026557,13.4487739734983,17.0537449672667,12.763327292118,17.404371392657,4.44237711735971,4.67416917149601,
Infiltration + Home Bleaching ,T8: post-Bleaching,61.7979833170333,65.7766103506333,61.1586482194633,66.5083453154367,5.31456017486316,5.7479969276733,-9.031642444325,-7.30548726288833,-9.24152887201367,-7.08931034397567,2.10353373814331,2.22777362007439,-7.42135067664167,-5.74556948725,-7.72644036781933,-5.44356184847933,2.0881775016982,2.200514502648,
Infiltration + Home Bleaching ,T9:Wait-14d,64.08547506645,67.8845052503,63.3469942750467,68.3846507839667,5.11481298904329,5.43189865674731,-8.14074611697833,-5.92503194186167,-8.45513623646233,-5.61067586818267,2.74264062057883,2.8825128407107,-6.5184279481,-4.227970118005,-6.77818352258133,-3.840521813515,2.71462125608388,2.85158683870494,
